1 3651.989502 460.000000 50.000000 90.000000 200.000000 0.000000 0 0 0 0 0 100.000000 31.998178 0.000000 0.000632 1 50.000000 1 0 0 PARADO 9 0.076910 200 
2 -1000.000000 -1000.000000 50.000000 90.000000 50.000000 
5 225.510574 460.000000 50.000000 90.000000 60.000000 0.000000 1 0 0 0 0 100.000000 31.397713 0.000000 0.000632 1 0.000000 2 0.431401 0.000000 ANDA 9 0.082228 0 0.000000 
3 -1000.000000 -1000.000000 50.000000 90.000000 20.000000 
5 1192.148804 310.000000 50.000000 90.000000 60.000000 0.000000 1 1 0 0 0 100.000000 31.397713 0.000000 0.000632 1 0.000000 1 0.645371 0.000000 ANDA 10 0.146267 0 0.000000 
3 -1000.000000 -1000.000000 50.000000 90.000000 20.000000 
5 2114.142578 460.000000 50.000000 90.000000 60.000000 0.000000 1 1 0 0 0 100.000000 31.397713 0.000000 0.000632 4 0.000000 1 0.523389 0.000000 ANDA 10 0.024888 0 0.000000 
3 -1000.000000 -1000.000000 50.000000 90.000000 67.500000 
5 2310.003662 460.000000 50.000000 90.000000 60.000000 0.000000 0 0 0 0 0 100.000000 31.397713 0.000000 0.000632 5 0.000000 0 0.709388 0.000000 PARADO 5 0.109632 0 0.000000 
3 -1000.000000 -1000.000000 50.000000 90.000000 101.250000 
5 2987.504883 460.000000 50.000000 90.000000 60.000000 0.000000 0 0 0 0 0 100.000000 31.998178 0.000000 0.000632 4 0.000000 0 0.709388 0.000000 PARADO 5 0.109652 0 0.000000 
3 -1000.000000 -1000.000000 50.000000 90.000000 67.500000 
5 3994.278076 460.000000 50.000000 90.000000 60.000000 0.000000 0 0 0 0 0 40.334126 10.231951 0.000000 0.000632 3 0.000000 0 0.039375 0.000000 PARADO 8 0.079935 0 0.000000 
3 -1000.000000 -1000.000000 50.000000 90.000000 45.000000 
7 3915.817871 460.000000 50.000000 90.000000 60.000000 0.000000 0 1 0 0 0 100.000000 31.998178 0.000000 0.000632 1 0.000000 1 0.355366 0.000000 PARADO 2 0.115544 0 0.000000 
4 3852.128662 479.607697 25.000000 25.000000 25.000000 1 -250.000000 5.000000 0 ATACA 1 0.017602 
5 4461.505859 460.000000 50.000000 90.000000 60.000000 0.000000 1 1 0 0 0 100.000000 31.998178 0.000000 0.000632 4 0.000000 1 0.982715 0.000000 ANDA 6 0.083148 0 0.000000 
3 0.000000 0.000000 50.000000 90.000000 67.500000 
8 -550.000000 100.000000 50.000000 500.000000 1.000000 1.000000 parede 
51 -450.000000 430.000000 85.000000 110.000000 1 0 0.000000 PORTA_FECHADA 0 0.738491 0 0 55 
52 -350.000000 510.000000 40.000000 40.000000 CHAVE 1 0.108955 0 
8 -500.000000 550.000000 500.000000 50.000000 1.000000 1.000000 padrao 
8 0.000000 550.000000 500.000000 50.000000 1.000000 1.000000 padrao 
8 500.000000 550.000000 500.000000 50.000000 1.000000 1.000000 padrao 
8 1000.000000 550.000000 500.000000 50.000000 1.000000 1.000000 padrao 
8 1500.000000 550.000000 500.000000 50.000000 1.000000 1.000000 padrao 
8 2000.000000 550.000000 500.000000 50.000000 1.000000 1.000000 padrao 
8 2500.000000 550.000000 500.000000 50.000000 1.000000 1.000000 padrao 
8 3000.000000 550.000000 500.000000 50.000000 1.000000 1.000000 padrao 
8 3500.000000 550.000000 500.000000 50.000000 1.000000 1.000000 padrao 
8 4000.000000 550.000000 500.000000 50.000000 1.000000 1.000000 padrao 
8 4500.000000 550.000000 500.000000 50.000000 1.000000 1.000000 padrao 
8 5000.000000 550.000000 500.000000 50.000000 1.000000 1.000000 padrao 
8 5500.000000 100.000000 50.000000 500.000000 1.000000 1.000000 parede 
50 300.000000 0.605241 80.000000 50.000000 1.000000 1.000000 flutuante1 0 400.000000 0.000000 0 1 0.000000 -0.063200 
56 320.000000 525.000000 80.000000 25.000000 35.000000 
8 0.000000 400.000000 250.000000 10.000000 1.000000 15.200000 madeira 
9 700.000000 500.000000 50.000000 50.000000  
8 750.000000 400.000000 300.000000 10.000000 1.000000 15.200000 madeira 
8 1050.000000 400.000000 300.000000 10.000000 1.000000 15.200000 madeira 
56 1000.000000 375.000000 80.000000 25.000000 35.000000 
50 1350.000000 201.378601 80.000000 50.000000 1.000000 1.000000 flutuante1 0 400.000000 200.000000 0 1 0.000000 -0.063200 
8 1430.000000 200.000000 350.000000 50.000000 1.000000 1.200000 flutuante_maior 
56 1480.000000 175.000000 80.000000 25.000000 35.000000 
51 1650.000000 80.000000 85.000000 110.000000 1 0 0.000000 PORTA_FECHADA 0 0.725713 0 0 54 
52 4650.000000 160.000000 40.000000 40.000000 CHAVE 1 0.040063 0 
9 2200.000000 500.000000 50.000000 50.000000  
8 2300.000000 400.000000 300.000000 10.000000 1.000000 15.200000 madeira 
50 2799.018066 400.000000 80.000000 50.000000 1.000000 1.000000 flutuante1 1 2900.000000 2600.000000 0 0 0.063200 0.000000 
8 2980.000000 400.000000 300.000000 10.000000 1.000000 15.200000 madeira 
50 3300.000000 201.378601 80.000000 50.000000 1.000000 1.000000 flutuante1 0 400.000000 200.000000 0 1 0.000000 -0.063200 
50 3401.378418 200.000000 80.000000 50.000000 1.000000 1.000000 flutuante1 1 3600.000000 3400.000000 1 0 -0.063200 0.000000 
8 3700.000000 200.000000 350.000000 50.000000 1.000000 1.200000 flutuante_maior 
50 4081.393799 200.000000 80.000000 50.000000 1.000000 1.000000 flutuante1 1 4280.000000 4080.000000 1 0 -0.063200 0.000000 
8 4380.000000 200.000000 350.000000 50.000000 1.000000 1.200000 flutuante_maior 
53 -225 5450 150 250 ========== 
