1 -124.852760 460.000000 50.000000 90.000000 200.000000 0.000000 0 1 0 0 0 77.727272 58.295612 0.000000 0.000633 1 0.000000 1 0 0 PARADO 1 0.130179 0 
2 -1000.000000 -1000.000000 50.000000 90.000000 50.000000 
57 420.000000 450.000000 80.000000 100.000000 60.000000 0.000000 1 0 0 0 0 100.000000 2.868721 0.000000 0.000633 2 0.000000 2 0.867974 0.000000 ANDA 2 0.070334  
8 -550.000000 100.000000 50.000000 500.000000 1.000000 1.000000 parede 
8 -220.000000 -100.000000 50.000000 500.000000 1.000000 1.000000 parede_flutuante 
8 -500.000000 450.000000 80.000000 1.000000 1.000000 40.000000 ponte_direita 
8 -300.000000 350.000000 80.000000 1.000000 1.000000 40.000000 ponte_esquerda 
8 -500.000000 250.000000 80.000000 1.000000 1.000000 40.000000 ponte_direita 
8 -500.000000 550.000000 500.000000 50.000000 1.000000 1.000000 padrao 
8 0.000000 550.000000 500.000000 50.000000 1.000000 1.000000 padrao 
51 0.000000 450.000000 85.000000 100.000000 0 0 0.500098 PORTA_ABERTA 0 0.809091 0 1 53 
8 500.000000 100.000000 50.000000 500.000000 1.000000 1.000000 parede 
54 -225 450 150 250 ========== 
5 14.393239 460.000854 50.000000 90.000000 60.000000 1.435200 0 1 0 0 0 100.000000 62.870876 0.000000 0.001196 1 0.000000 0 0.746564 0.000000 PARADO 6 0.027201 0 0.000000 
3 -1000.000000 -1000.000000 50.000000 90.000000 20.000000 
5 537.008728 460.000000 50.000000 90.000000 60.000000 0.000000 1 0 0 0 0 100.000000 63.470970 0.000000 0.001196 1 0.000000 2 0.287745 0.000000 ANDA 8 0.088961 0 0.000000 
3 -1000.000000 -1000.000000 50.000000 90.000000 20.000000 
5 1863.747437 460.000000 50.000000 90.000000 60.000000 0.000000 1 0 0 0 0 100.000000 62.870876 0.000000 0.001196 4 0.000000 2 0.960594 0.000000 ANDA 0 0.064670 0 0.000000 
3 -1000.000000 -1000.000000 50.000000 90.000000 67.500000 
5 2364.726074 460.000000 50.000000 90.000000 60.000000 0.000000 1 1 0 0 0 100.000000 62.870876 0.000000 0.001196 5 0.000000 1 0.915048 0.000000 ANDA 12 0.116799 0 0.000000 
3 -1000.000000 -1000.000000 50.000000 90.000000 101.250000 
5 2863.623779 460.000000 50.000000 90.000000 60.000000 0.000000 1 1 0 0 0 100.000000 62.870876 0.000000 0.001196 4 0.000000 1 0.509644 0.000000 ANDA 3 0.112099 0 0.000000 
3 -1000.000000 -1000.000000 50.000000 90.000000 67.500000 
5 3889.998779 460.000000 50.000000 90.000000 60.000000 0.000000 0 0 0 0 0 100.000000 63.470970 0.000000 0.001196 3 0.000000 0 0.446408 0.000000 PARADO 3 0.086863 0 0.000000 
3 -1000.000000 -1000.000000 50.000000 90.000000 45.000000 
7 3360.016357 460.000000 50.000000 90.000000 60.000000 0.000000 0 1 0 0 0 100.000000 62.870876 0.000000 0.001196 1 0.000000 0 0.446408 0.000000 PARADO 3 0.086850 0 0.000000 
4 -1000.000000 -1000.000000 25.000000 25.000000 25.000000 0 0.000000 0.000000 1 ATACA 0 0.000000 
5 4013.237793 460.000000 50.000000 90.000000 60.000000 0.000000 1 1 0 0 0 100.000000 63.470970 0.000000 0.001196 3 0.000000 1 0.446408 0.000000 ANDA 3 0.048513 0 0.000000 
3 -1000.000000 -1000.000000 50.000000 90.000000 45.000000 
5 3799.927246 460.000000 50.000000 90.000000 60.000000 0.000000 0 0 0 0 0 100.000000 63.470970 0.000000 0.001196 4 0.000000 0 0.446408 0.000000 PARADO 3 0.086839 0 0.000000 
3 -1000.000000 -1000.000000 50.000000 90.000000 67.500000 
8 -550.000000 100.000000 50.000000 500.000000 1.000000 1.000000 parede 
51 -450.000000 430.000000 85.000000 110.000000 1 0 0.000000 PORTA_FECHADA 0 0.507811 0 0 55 
52 -350.000000 510.000000 40.000000 40.000000 CHAVE 1 0.206303 0 
8 -500.000000 550.000000 500.000000 50.000000 1.000000 1.000000 padrao 
8 0.000000 550.000000 500.000000 50.000000 1.000000 1.000000 padrao 
8 500.000000 550.000000 500.000000 50.000000 1.000000 1.000000 padrao 
8 1000.000000 550.000000 500.000000 50.000000 1.000000 1.000000 padrao 
8 1500.000000 550.000000 500.000000 50.000000 1.000000 1.000000 padrao 
8 2000.000000 550.000000 500.000000 50.000000 1.000000 1.000000 padrao 
8 2500.000000 550.000000 500.000000 50.000000 1.000000 1.000000 padrao 
8 3000.000000 550.000000 500.000000 50.000000 1.000000 1.000000 padrao 
8 3500.000000 550.000000 500.000000 50.000000 1.000000 1.000000 padrao 
8 4000.000000 550.000000 500.000000 50.000000 1.000000 1.000000 padrao 
8 4500.000000 550.000000 500.000000 50.000000 1.000000 1.000000 padrao 
8 5000.000000 550.000000 500.000000 50.000000 1.000000 1.000000 padrao 
8 5500.000000 100.000000 50.000000 500.000000 1.000000 1.000000 parede 
50 300.000000 53.971996 80.000000 50.000000 1.000000 1.000000 flutuante1 0 400.000000 0.000000 0 1 0.000000 -0.119600 
56 320.000000 525.000000 80.000000 25.000000 35.000000 
8 0.000000 400.000000 250.000000 10.000000 1.000000 15.200000 madeira 
9 629.761963 500.000000 50.000000 50.000000  
8 750.000000 400.000000 300.000000 10.000000 1.000000 15.200000 madeira 
8 1050.000000 400.000000 300.000000 10.000000 1.000000 15.200000 madeira 
56 1000.000000 375.000000 80.000000 25.000000 35.000000 
50 1350.000000 255.092484 80.000000 50.000000 1.000000 1.000000 flutuante1 0 400.000000 200.000000 0 1 0.000000 -0.119600 
8 1430.000000 200.000000 350.000000 50.000000 1.000000 1.200000 flutuante_maior 
56 1480.000000 175.000000 80.000000 25.000000 35.000000 
51 1650.000000 80.000000 85.000000 110.000000 0 0 0.000000 PORTA_ABERTA 0 0.581534 1 1 54 
9 2200.000000 500.000000 50.000000 50.000000  
8 2300.000000 400.000000 300.000000 10.000000 1.000000 15.200000 madeira 
50 2854.652832 400.000000 80.000000 50.000000 1.000000 1.000000 flutuante1 1 2900.000000 2600.000000 1 0 -0.119600 0.000000 
8 2980.000000 400.000000 300.000000 10.000000 1.000000 15.200000 madeira 
50 3300.000000 255.092484 80.000000 50.000000 1.000000 1.000000 flutuante1 0 400.000000 200.000000 0 1 0.000000 -0.119600 
50 3455.312012 200.000000 80.000000 50.000000 1.000000 1.000000 flutuante1 1 3600.000000 3400.000000 1 0 -0.119600 0.000000 
8 3700.000000 200.000000 350.000000 50.000000 1.000000 1.200000 flutuante_maior 
50 4135.488770 200.000000 80.000000 50.000000 1.000000 1.000000 flutuante1 1 4280.000000 4080.000000 1 0 -0.119600 0.000000 
8 4380.000000 200.000000 350.000000 50.000000 1.000000 1.200000 flutuante_maior 
53 -225 5450 150 250 ========== 
