1 238.709747 460.000000 50.000000 90.000000 200.000000 0.000000 0 0 0 0 0 100.000000 24.949226 0.000000 0.000723 700 1 25.000000 1 PARADO 6 0.147960 
2 -1000.000000 -1000.000000 50.000000 90.000000 50.000000 
11 1200.000000 80.000000 50.000000 50.000000 MOEDA_CINZA 7 0.103336 
12 1400.000000 350.000000 50.000000 50.000000 60.000000 VIDA 1 0.143155 
5 483.373749 460.000000 50.000000 90.000000 60.000000 0.000000 1 1 0 0 0 100.000000 23.949142 0.000000 0.000723 1 0.000000 1 0.943650 0.000000 ANDA 6 0.148169 
3 -1000.000000 -1000.000000 50.000000 90.000000 20.000000 
5 1236.654419 460.000000 50.000000 90.000000 60.000000 0.000000 1 0 0 0 0 100.000000 23.949142 0.000000 0.000723 1 0.000000 2 0.943650 0.000000 ANDA 1 0.000803 
3 -1000.000000 -1000.000000 50.000000 90.000000 20.000000 
5 819.919250 460.000000 50.000000 90.000000 60.000000 0.000000 0 1 0 0 0 100.000000 23.949142 0.000000 0.000723 3 0.000000 0 0.943650 0.000000 PARADO 7 0.104328 
3 -1000.000000 -1000.000000 50.000000 90.000000 45.000000 
5 976.550903 460.000000 50.000000 90.000000 60.000000 0.000000 1 0 0 0 0 100.000000 23.949142 0.000000 0.000723 3 0.000000 2 0.943650 0.000000 ANDA 6 0.044327 
3 -1000.000000 -1000.000000 50.000000 90.000000 45.000000 
5 1623.383545 460.000000 50.000000 90.000000 60.000000 0.000000 1 1 0 0 0 100.000000 23.949142 0.000000 0.000723 3 0.000000 1 0.943650 0.000000 ANDA 12 0.145293 
3 -1000.000000 -1000.000000 50.000000 90.000000 45.000000 
7 645.289795 460.000000 50.000000 90.000000 60.000000 0.000000 1 0 0 0 0 67.105263 1.516992 0.000000 0.000723 2 0.000000 1 0.944222 0.000000 0 0.000000 ANDA 0 0.118522 
4 -1000.000000 -1000.000000 25.000000 25.000000 45.000000 0 0.000000 0.000000 1 ATACA 3 0.115734 
7 518.018127 460.000000 50.000000 90.000000 60.000000 0.000000 0 1 0 1 0 100.000000 24.949226 0.000000 0.000723 4 0.000000 0 0.000723 0.576772 0 0.000000 ATACA 1 0.277086 
4 -1000.000000 -1000.000000 25.000000 25.000000 101.250000 0 0.000000 0.000000 1 ATACA 0 0.000000 
8 -600.000000 550.000000 300.000000 50.000000 
8 -300.000000 550.000000 300.000000 50.000000 
8 0.000000 550.000000 300.000000 50.000000 
8 300.000000 550.000000 300.000000 50.000000 
8 600.000000 550.000000 300.000000 50.000000 
8 900.000000 550.000000 300.000000 50.000000 
8 1200.000000 550.000000 300.000000 50.000000 
8 1500.000000 550.000000 300.000000 50.000000 
8 1800.000000 550.000000 300.000000 50.000000 
8 2100.000000 550.000000 300.000000 50.000000 
