1 20.149681 460.000000 50.000000 90.000000 200.000000 0.000000 0 0 0 0 0 100.000000 2.701585 0.000000 0.000571 0 1 PARADO 1 0.145894 
2 -1000.000000 -1000.000000 50.000000 90.000000 35.000000 
10 300.000000 500.000000 50.000000 50.000000 MOEDA_AMARELA 6 0.043495 
11 1200.000000 80.000000 50.000000 50.000000 MOEDA_CINZA 6 0.043098 
12 1400.000000 350.000000 50.000000 50.000000 94.000000 VIDA 1 0.082698 
5 246.697540 460.000000 50.000000 90.000000 60.000000 0.000000 0 0 0 0 0 100.000000 2.701585 0.000000 0.000571 0 0.319476 0.000000 PARADO 2 0.079716 
3 0.000000 0.000000 50.000000 90.000000 20.000000 
5 600.000610 460.000000 50.000000 90.000000 60.000000 0.000000 0 1 0 0 0 100.000000 2.701585 0.000000 0.000571 0 0.700826 0.000000 PARADO 5 0.101335 
3 0.000000 0.000000 50.000000 90.000000 20.000000 
5 999.999634 460.000000 50.000000 90.000000 60.000000 0.000000 0 1 0 0 0 100.000000 2.701585 0.000000 0.000571 0 0.700826 0.000000 PARADO 5 0.101331 
3 0.000000 0.000000 50.000000 90.000000 20.000000 
5 1417.966553 460.000000 50.000000 90.000000 60.000000 0.000000 1 1 0 0 0 100.000000 2.701585 0.000000 0.000571 1 0.700826 0.000000 ANDA 4 0.101319 
3 0.000000 0.000000 50.000000 90.000000 20.000000 
5 1757.933105 460.000000 50.000000 90.000000 60.000000 0.000000 1 1 0 0 0 100.000000 2.701585 0.000000 0.000571 1 0.700826 0.000000 ANDA 4 0.120570 
3 0.000000 0.000000 50.000000 90.000000 20.000000 
5 2242.052002 460.000000 50.000000 90.000000 60.000000 0.000000 1 0 0 0 0 100.000000 2.701585 0.000000 0.000571 2 0.700826 0.000000 ANDA 4 0.117830 
3 0.000000 0.000000 50.000000 90.000000 20.000000 
7 200.000000 460.000000 50.000000 90.000000 60.000000 0.000000 0 1 0 0 0 100.000000 2.701585 0.000000 0.000571 2 2.701585 1.350793 0 0.000000 PARADO 2 0.024838 
4 0.000000 0.000000 25.000000 25.000000 20.000000 0 0.000000 0.000000 1 ATACA 0 0.000000 
8 -600.000000 550.000000 300.000000 50.000000  
8 -300.000000 550.000000 300.000000 50.000000  
8 0.000000 550.000000 300.000000 50.000000  
8 300.000000 550.000000 300.000000 50.000000  
8 600.000000 550.000000 300.000000 50.000000  
8 900.000000 550.000000 300.000000 50.000000  
8 1200.000000 550.000000 300.000000 50.000000  
8 1500.000000 550.000000 300.000000 50.000000  
8 1800.000000 550.000000 300.000000 50.000000  
8 2100.000000 550.000000 300.000000 50.000000  
