1 987.124146 460.000000 50.000000 90.000000 200.000000 0.000000 0 1 0 0 0 100.000000 10.725275 0.000000 0.000590 500 1 PARADO 2 0.075820 
2 -1000.000000 -1000.000000 50.000000 90.000000 20.000000 
11 1200.000000 80.000000 50.000000 50.000000 MOEDA_CINZA 1 0.020594 
12 1400.000000 350.000000 50.000000 50.000000 94.000000 VIDA 2 0.099786 
5 359.330780 460.000000 50.000000 90.000000 60.000000 0.000000 1 0 0 0 0 100.000000 10.725275 0.000000 0.000590 2 0.907109 0.000000 ANDA 0 0.045901 
3 -1000.000000 -1000.000000 50.000000 90.000000 20.000000 
5 617.674866 460.000000 50.000000 90.000000 60.000000 0.000000 1 1 0 0 0 100.000000 10.725275 0.000000 0.000590 1 0.128074 0.000000 ANDA 0 0.128182 
3 -1000.000000 -1000.000000 50.000000 90.000000 20.000000 
5 823.035278 460.000000 50.000000 90.000000 60.000000 0.000000 1 0 0 0 0 60.000000 0.669188 0.000000 0.000590 1 0.669772 0.000000 ANDA 2 0.127098 
3 -1000.000000 -1000.000000 50.000000 90.000000 20.000000 
5 1279.974609 460.000000 50.000000 90.000000 60.000000 0.000000 0 0 0 0 0 100.000000 10.725275 0.000000 0.000590 0 0.722634 0.000000 PARADO 6 0.003228 
3 0.000000 0.000000 50.000000 90.000000 20.000000 
5 1756.649536 460.000000 50.000000 90.000000 60.000000 0.000000 1 1 0 0 0 100.000000 10.725275 0.000000 0.000590 1 0.722634 0.000000 ANDA 12 0.002685 
3 0.000000 0.000000 50.000000 90.000000 20.000000 
5 2096.648926 460.000000 50.000000 90.000000 60.000000 0.000000 1 1 0 0 0 100.000000 10.725275 0.000000 0.000590 1 0.722634 0.000000 ANDA 12 0.053227 
3 0.000000 0.000000 50.000000 90.000000 20.000000 
7 139.985352 460.000000 50.000000 90.000000 60.000000 0.000000 0 1 0 0 0 100.000000 10.725275 0.000000 0.000590 0 0.683401 0.000000 0 0.000000 PARADO 0 0.083927 
4 909.780579 484.225311 25.000000 25.000000 20.000000 0 110.000000 1.000000 0 ATACA 0 0.098854 
8 -600.000000 550.000000 300.000000 50.000000  
8 -300.000000 550.000000 300.000000 50.000000  
8 0.000000 550.000000 300.000000 50.000000  
8 300.000000 550.000000 300.000000 50.000000  
8 600.000000 550.000000 300.000000 50.000000  
8 900.000000 550.000000 300.000000 50.000000  
8 1200.000000 550.000000 300.000000 50.000000  
8 1500.000000 550.000000 300.000000 50.000000  
8 1800.000000 550.000000 300.000000 50.000000  
8 2100.000000 550.000000 300.000000 50.000000  
