1 430.999207 460.000000 50.000000 90.000000 200.000000 0.000000 0 0 0 0 0 100.000000 14.434565 0.000000 0.000663 700 1 PARADO 8 0.112042 
2 -1000.000000 -1000.000000 50.000000 90.000000 35.000000 
11 1200.000000 80.000000 50.000000 50.000000 MOEDA_CINZA 3 0.090553 
12 1400.000000 350.000000 50.000000 50.000000 94.000000 VIDA 0 0.089000 
5 480.980896 460.000000 50.000000 90.000000 60.000000 0.000000 0 1 0 1 0 100.000000 14.434565 0.000000 0.000663 1 0.000663 0.940876 ATACA 6 0.041733 
3 0.000000 0.000000 50.000000 90.000000 20.000000 
5 819.920349 460.000000 50.000000 90.000000 60.000000 0.000000 0 1 0 0 0 100.000000 14.434565 0.000000 0.000663 0 0.923308 0.000000 PARADO 2 0.047034 
3 0.000000 0.000000 50.000000 90.000000 20.000000 
5 1237.814575 460.000000 50.000000 90.000000 60.000000 0.000000 0 0 0 0 0 100.000000 14.434565 0.000000 0.000663 0 0.923308 0.000000 PARADO 7 0.084175 
3 0.000000 0.000000 50.000000 90.000000 20.000000 
5 1513.153931 460.000000 50.000000 90.000000 60.000000 0.000000 1 0 0 0 0 100.000000 14.434565 0.000000 0.000663 2 0.923308 0.000000 ANDA 6 0.024184 
3 0.000000 0.000000 50.000000 90.000000 20.000000 
5 2302.125732 460.000000 50.000000 90.000000 60.000000 0.000000 0 0 0 0 0 100.000000 14.434565 0.000000 0.000663 0 0.923308 0.000000 PARADO 7 0.084174 
3 0.000000 0.000000 50.000000 90.000000 20.000000 
7 173.639038 460.000000 50.000000 90.000000 60.000000 0.000000 0 0 0 1 0 100.000000 14.434565 0.000000 0.000663 1 0.000663 1.159949 0 0.000000 ATACA 3 0.260746 
4 -1000.000000 -1000.000000 25.000000 25.000000 20.000000 1 0.000000 0.000000 1 ATACA 0 0.025507 
8 -600.000000 550.000000 300.000000 50.000000 
8 -300.000000 550.000000 300.000000 50.000000 
8 0.000000 550.000000 300.000000 50.000000 
8 300.000000 550.000000 300.000000 50.000000 
8 600.000000 550.000000 300.000000 50.000000 
8 900.000000 550.000000 300.000000 50.000000 
8 1200.000000 550.000000 300.000000 50.000000 
8 1500.000000 550.000000 300.000000 50.000000 
8 1800.000000 550.000000 300.000000 50.000000 
8 2100.000000 550.000000 300.000000 50.000000 
